0 0.003440 0.914373 0.027523 0.918960 0.044725 0.883792 0.032110 0.850153 0.056193 0.830275 0.077982 0.828746 0.096330 0.842508 0.089450 0.859327 0.073394 0.857798 0.075688 0.880734 0.114679 0.929664 0.098624 0.998471 0.003440 0.998471
0 0.623853 0.588685 0.660550 0.587156 0.669725 0.611621 0.641055 0.645260 0.629587 0.665138 0.620413 0.718654 0.722477 0.738532 0.691514 0.804281 0.642202 0.818043 0.627294 0.840979 0.629587 0.880734 0.623853 0.905199 0.592890 0.865443 0.589450 0.790520 0.556193 0.724771 0.574541 0.663609 0.592890 0.688073 0.610092 0.668196 0.621560 0.628440
0 0.899083 0.495413 0.900229 0.562691 0.917431 0.558104 0.957569 0.524465 0.998853 0.422018 0.986239 0.382263 0.985092 0.353211 0.971330 0.353211 0.951835 0.376147 0.944954 0.423547
0 0.777523 0.151376 0.784404 0.165138 0.791284 0.155963 0.809633 0.183486 0.783257 0.200306 0.785550 0.223242 0.806193 0.233945 0.805046 0.247706 0.777523 0.244648 0.743119 0.218654
0 0.534404 0.192661 0.568807 0.267584 0.616972 0.304281 0.599771 0.362385 0.559633 0.316514 0.528670 0.360856 0.473624 0.357798 0.480505 0.311927 0.481651 0.255352 0.496560 0.220183
0 0.092890 0.380734 0.188073 0.402141 0.212156 0.325688 0.243119 0.308869 0.176606 0.252294 0.161697 0.267584 0.135321 0.288991
0 0.002294 0.311927 0.001147 0.425076 0.030963 0.470948 0.045872 0.474006 0.051606 0.405199 0.104358 0.308869 0.102064 0.279817 0.075688 0.270642 0.049312 0.261468 0.016055 0.276758
0 0.029817 0.188073 0.024083 0.128440 0.063073 0.122324 0.076835 0.082569 0.150229 0.044343 0.161697 0.007645 0.215596 0.004587 0.223624 0.070336 0.177752 0.077982 0.149083 0.238532 0.081422 0.247706 0.059633 0.235474
0 0.405963 0.004587 0.459862 0.018349 0.473624 0.064220 0.489679 0.122324 0.494266 0.159021 0.526376 0.186544 0.535550 0.149847 0.544725 0.116208 0.534404 0.102446 0.552752 0.088685 0.576835 0.006116
0 0.643349 0.001529 0.808486 0.000000 0.759174 0.047401 0.760321 0.082569 0.723624 0.087156 0.691514 0.048930 0.676606 0.051988
