0 0.698276 0.382759 0.748707 0.337931 0.799138 0.287931 0.810776 0.315517 0.809483 0.377586 0.812069 0.481034 0.814655 0.524138 0.800431 0.565517 0.760345 0.587931 0.706034 0.596552 0.677586 0.512069 0.691810 0.463793 0.685345 0.418966
0 0.734003 0.003196 0.821121 0.117241 0.872845 0.305172 0.912931 0.453448 0.879310 0.527586 0.836638 0.575862 0.817241 0.624138 0.837931 0.660345 0.865086 0.660345 0.876724 0.606897 0.936207 0.650000 0.958190 0.696552 0.980172 0.796552 1.000000 0.790661 0.998565 0.000000 0.748707 0.000000
0 0.704741 0.994828 0.693103 0.917241 0.667241 0.872414 0.659483 0.810345 0.709914 0.812069 0.742241 0.860345 0.866379 0.858621 0.868966 0.901724 0.819828 0.913793 0.834052 0.946552 0.892241 0.934483 0.907759 0.905172 0.968534 0.915517 0.985345 0.937931 0.972414 0.972414 0.937500 0.972414 0.934914 0.994828
0 0.424138 0.989655 0.446121 0.937931 0.493966 0.950000 0.519828 0.925862 0.528879 0.751724 0.546983 0.731034 0.572845 0.762069 0.568966 0.824138 0.571552 0.889655 0.590948 0.931034 0.598707 1.000000
0 0.486207 0.381034 0.453879 0.434483 0.468103 0.465517 0.466810 0.496552 0.486207 0.510345 0.514655 0.481034 0.536638 0.444828 0.528879 0.381034
0 0.329741 0.562069 0.333621 0.622414 0.425431 0.639655 0.469397 0.587931 0.468103 0.524138 0.455172 0.487931 0.421552 0.472414 0.385345 0.479310 0.337500 0.527586
0 0.402155 0.987931 0.425431 0.903448 0.413793 0.829310 0.356897 0.706897 0.292241 0.672414 0.278017 0.605172 0.265086 0.582759 0.237931 0.589655 0.221121 0.698276 0.187500 0.675862 0.156466 0.656897 0.142241 0.703448 0.140948 0.782759 0.178448 0.801724 0.225000 0.798276 0.221121 0.831034 0.199138 0.843103 0.166810 0.837931 0.169397 0.886207 0.184914 0.998276
0 0.462931 0.198276 0.490086 0.201724 0.526293 0.260345 0.521121 0.293103 0.486207 0.306897 0.464224 0.298276 0.442241 0.224138
0 0.592241 0.012069 0.631034 0.036207 0.611638 0.086207 0.602586 0.151724 0.587069 0.112069 0.576724 0.082759 0.550862 0.143103 0.469397 0.156897 0.473276 0.103448 0.450000 0.087931 0.518534 0.079310 0.549569 0.105172 0.570259 0.022414
0 0.400083 0.010652 0.373707 0.063793 0.376293 0.087931 0.413793 0.032759 0.444828 0.089655 0.457759 0.117241 0.448707 0.141379 0.386638 0.124138 0.381466 0.155172 0.376293 0.186207 0.342672 0.198276 0.305172 0.141379 0.244397 0.110345 0.188793 0.086207 0.199138 0.022414
0 0.188147 0.011661 0.165517 0.082759 0.096983 0.136207 0.080172 0.322414 0.102155 0.408621 0.060776 0.481034 0.072414 0.570690 0.117672 0.691379 0.081466 0.744828 0.031034 0.796552 0.000000 0.827795 0.000000 0.009259
0 0.266379 0.260345 0.315517 0.231034 0.362069 0.312069 0.430603 0.298276 0.461638 0.312069 0.450000 0.355172 0.420259 0.393103 0.381466 0.401724 0.334914 0.498276 0.258621 0.525862 0.227586 0.606897 0.203017 0.639655 0.137069 0.582759 0.138362 0.515517 0.160345 0.465517 0.210776 0.415517 0.232759 0.320690
