0 0.303102 0.637218 0.304511 0.744361 0.387688 0.789474 0.386278 0.817669 0.331297 0.953008 0.351034 0.971805 0.383459 0.928571 0.408835 0.821429 0.453947 0.791353 0.407425 0.751880 0.449718 0.740602 0.473684 0.646617 0.475094 0.612782 0.444079 0.578947 0.420113 0.565789 0.391917 0.586466 0.336936 0.635338
0 0.004229 0.889098 0.031015 0.907895 0.060620 0.879699 0.076128 0.937970 0.129699 0.889098 0.135338 0.924812 0.167763 0.919173 0.179041 0.932331 0.159305 0.958647 0.126880 0.953008 0.100094 0.966165 0.076128 0.973684 0.054981 1.000000 0.000000 0.998120
0 0.019737 0.385338 0.032425 0.445489 0.019737 0.492481 0.040883 0.537594 0.090226 0.556391 0.156485 0.573308 0.166353 0.618421 0.188910 0.597744 0.183271 0.578947 0.210056 0.513158 0.119831 0.466165 0.077538 0.415414 0.077538 0.362782 0.039474 0.349624
0 0.000000 0.199248 0.005639 0.234962 0.039474 0.236842 0.101504 0.302632 0.128289 0.295113 0.111372 0.248120 0.091635 0.184211 0.046523 0.189850
0 0.008459 0.116541 0.038064 0.103383 0.095865 0.161654 0.143797 0.178571 0.152256 0.140977 0.124060 0.080827 0.084586 0.065789 0.039474 0.018797 0.002820 0.028195
0 0.523026 0.046992 0.528665 0.163534 0.556861 0.182331 0.585056 0.172932 0.601974 0.140977 0.594925 0.093985 0.623120 0.054511 0.597744 0.016917 0.544173 0.011278
0 0.723214 0.069549 0.843045 0.056391 0.862782 0.035714 0.854323 0.003759 0.738722 0.000000
0 0.998120 0.001880 0.957237 0.095865 0.984023 0.133459 0.986842 0.171053 0.999530 0.184211
0 0.493421 0.522556 0.523026 0.546992 0.507519 0.624060 0.539944 0.614662 0.552632 0.580827 0.578008 0.595865 0.565320 0.554511 0.590695 0.522556 0.594925 0.468045 0.579417 0.432331 0.535714 0.453008 0.507519 0.453008
0 0.754229 0.563910 0.782425 0.578947 0.775376 0.629699 0.807801 0.627820 0.854323 0.573308 0.907895 0.558271 0.900846 0.494361 0.934680 0.483083 0.890977 0.466165 0.861372 0.484962 0.819079 0.546992 0.803571 0.530075 0.771147 0.533835
0 0.555451 0.998120 0.501880 0.864662 0.606203 0.862782 0.680921 0.783835 0.750000 0.828947 0.785244 0.800752 0.813440 0.693609 0.810620 0.644737 0.827538 0.627820 0.859962 0.680451 0.879699 0.693609 0.855733 0.729323 0.826128 0.723684 0.816259 0.774436 0.851504 0.776316 0.857143 0.753759 0.852914 0.810150 0.816259 0.827068 0.840226 0.843985 0.799342 0.924812 0.850094 1.000000
0 0.878289 0.652256 0.882519 0.704887 0.905075 0.774436 0.920583 0.832707 0.881109 0.864662 0.865602 0.907895 0.892387 0.960526 0.879699 0.994361 0.951598 0.998120 0.920583 0.919173 0.944549 0.836466 0.967105 0.804511 0.926222 0.650376
0 0.155075 0.000000 0.200188 0.022556 0.255169 0.013158 0.283365 0.031955 0.298872 0.069549 0.238252 0.060150 0.214286 0.092105 0.180451 0.046992 0.149436 0.067669 0.184680 0.127820 0.169173 0.176692 0.218515 0.182331 0.226974 0.274436 0.231203 0.336466 0.265038 0.349624 0.305921 0.340226 0.353853 0.278195 0.387688 0.216165 0.321429 0.221805 0.281955 0.178571 0.277726 0.120301 0.315789 0.075188 0.339756 0.080827 0.379229 0.195489 0.406015 0.180451 0.396147 0.135338 0.449718 0.101504 0.449718 0.056391 0.383459 0.099624 0.360902 0.043233 0.420113 0.037594 0.407425 0.000000 0.401786 0.000000
